	1CDX1_434	1CDX1_166	1CDX1_406	1CDX4_67	1CDX1_343	1CDX1_142	1CDX1_54	1CDX1_153	1CDX1_176	1CDX4_93	1CDX2_103	1CDX4_97	1CDX4_371	1CDX4_94	1CDX1_102	1CDX1_216	1CDX1_82	1CDX1_104	1CDX1_72	1CDX2_101	1CDX1_281
1CDX1_434	0.0	1.4002825021743774	2.780583620071411	26.307172775268555	18.38246726989746	0.9817191958427429	3.173692226409912	0.9414214491844177	2.5199971199035645	5.536016464233398	5.229353427886963	4.121121406555176	5.52227258682251	4.032944679260254	5.107408046722412	3.1267170906066895	7.510349273681641	4.615394115447998	2.9493215084075928	5.726550579071045	7.769653797149658
1CDX1_166	1.4002825021743774	0.0	4.169053554534912	26.409395217895508	16.987401962280273	2.3669536113739014	4.573167324066162	2.341015577316284	3.9202585220336914	6.934386253356934	6.626572132110596	5.509546279907227	6.918463706970215	5.414942264556885	6.468279838562012	4.4279584884643555	8.910575866699219	5.9641947746276855	4.33066463470459	7.126596450805664	9.133031845092773
1CDX1_406	2.780583620071411	4.169053554534912	0.0	25.882265090942383	21.156017303466797	1.9082392454147339	0.7118210196495056	1.8698145151138306	0.4801724851131439	2.7836620807647705	2.6053481101989746	1.6998963356018066	2.9040377140045166	1.704505205154419	2.8232414722442627	1.8134801387786865	4.792293548583984	2.478649377822876	1.0368883609771729	2.9975075721740723	5.334528923034668
1CDX4_67	26.307172775268555	26.409395217895508	25.882265090942383	0.0	33.984256744384766	26.502405166625977	26.479698181152344	26.326740264892578	26.293437957763672	26.309186935424805	26.964813232421875	27.04796600341797	27.090717315673828	27.169506072998047	27.87887191772461	27.695289611816406	27.091035842895508	27.868343353271484	26.91582489013672	26.54560661315918	28.895658493041992
1CDX1_343	18.38246726989746	16.987401962280273	21.156017303466797	33.984256744384766	0.0	19.31928253173828	21.535446166992188	19.316041946411133	20.89603614807129	23.917205810546875	23.561378479003906	22.41189193725586	23.84444808959961	22.29465103149414	23.244613647460938	21.129762649536133	25.869901657104492	22.71464729309082	21.23055648803711	24.100494384765625	25.850696563720703
1CDX1_142	0.9817191958427429	2.3669536113739014	1.9082392454147339	26.502405166625977	19.31928253173828	0.0	2.216806173324585	0.17656098306179047	1.5819807052612305	4.602848052978516	4.261915683746338	3.1432981491088867	4.552706718444824	3.0523054599761963	4.126646518707275	2.1809167861938477	6.55549430847168	3.6378278732299805	1.9682061672210693	4.781237602233887	6.788189888000488
1CDX1_54	3.173692226409912	4.573167324066162	0.7118210196495056	26.479698181152344	21.535446166992188	2.216806173324585	0.0	2.23232102394104	0.6674026250839233	2.3986587524414062	2.0602474212646484	1.0273816585540771	2.356067180633545	1.0070322751998901	2.1387245655059814	1.2932367324829102	4.3393049240112305	1.7706241607666016	0.5354666113853455	2.5661885738372803	4.71132230758667
1CDX1_153	0.9414214491844177	2.341015577316284	1.8698145151138306	26.326740264892578	19.316041946411133	0.17656098306179047	2.23232102394104	0.0	1.5809526443481445	4.601192474365234	4.288292407989502	3.1859419345855713	4.581592559814453	3.103217363357544	4.1934027671813965	2.2914295196533203	6.569777488708496	3.7137227058410645	2.0234503746032715	4.7878851890563965	6.849630355834961
1CDX1_176	2.5199971199035645	3.9202585220336914	0.4801724851131439	26.293437957763672	20.89603614807129	1.5819807052612305	0.6674026250839233	1.5809526443481445	0.0	3.0221879482269287	2.7253801822662354	1.679505705833435	3.021993398666382	1.634723424911499	2.768054246902466	1.4183412790298462	4.990871429443359	2.3557496070861816	0.7075638175010681	3.2069754600524902	5.370419025421143
1CDX4_93	5.536016464233398	6.934386253356934	2.7836620807647705	26.309186935424805	23.917205810546875	4.602848052978516	2.3986587524414062	4.601192474365234	3.0221879482269287	0.0	0.778024435043335	1.7311033010482788	0.7961848974227905	1.8988462686538696	1.7818355560302734	3.2018678188323975	2.022728443145752	2.069056749343872	2.7883169651031494	0.28641679883003235	3.0075924396514893
1CDX2_103	5.229353427886963	6.626572132110596	2.6053481101989746	26.964813232421875	23.561378479003906	4.261915683746338	2.0602474212646484	4.288292407989502	2.7253801822662354	0.778024435043335	0.0	1.1632976531982422	0.29893991351127625	1.304358720779419	1.0069713592529297	2.597588300704956	2.3168187141418457	1.3081313371658325	2.332508087158203	0.7192497849464417	2.7746784687042236
1CDX4_97	4.121121406555176	5.509546279907227	1.6998963356018066	27.04796600341797	22.41189193725586	3.1432981491088867	1.0273816585540771	3.1859419345855713	1.679505705833435	1.7311033010482788	1.1632976531982422	0.0	1.4351383447647095	0.1747036725282669	1.123871088027954	1.4713633060455322	3.478642702102661	0.852613091468811	1.1842617988586426	1.8076262474060059	3.6913585662841797
1CDX4_371	5.52227258682251	6.918463706970215	2.9040377140045166	27.090717315673828	23.84444808959961	4.552706718444824	2.356067180633545	4.581592559814453	3.021993398666382	0.7961848974227905	0.29893991351127625	1.4351383447647095	0.0	1.565252661705017	1.053558588027954	2.838178873062134	2.047224760055542	1.449920892715454	2.6138927936553955	0.6304852962493896	2.4910154342651367
1CDX4_94	4.032944679260254	5.414942264556885	1.704505205154419	27.169506072998047	22.29465103149414	3.0523054599761963	1.0070322751998901	3.103217363357544	1.634723424911499	1.8988462686538696	1.304358720779419	0.1747036725282669	1.565252661705017	0.0	1.1348708868026733	1.3076857328414917	3.6123623847961426	0.7861737012863159	1.084433913230896	1.9661827087402344	3.7528514862060547
1CDX1_102	5.107408046722412	6.468279838562012	2.8232414722442627	27.87887191772461	23.244613647460938	4.126646518707275	2.1387245655059814	4.1934027671813965	2.768054246902466	1.7818355560302734	1.0069713592529297	1.123871088027954	1.053558588027954	1.1348708868026733	0.0	2.114851236343384	2.8849265575408936	0.5325005054473877	2.1743268966674805	1.6746960878372192	2.6647658348083496
1CDX1_216	3.1267170906066895	4.4279584884643555	1.8134801387786865	27.695289611816406	21.129762649536133	2.1809167861938477	1.2932367324829102	2.2914295196533203	1.4183412790298462	3.2018678188323975	2.597588300704956	1.4713633060455322	2.838178873062134	1.3076857328414917	2.114851236343384	0.0	4.875950813293457	1.5855870246887207	0.7897858023643494	3.2734029293060303	4.7503509521484375
1CDX1_82	7.510349273681641	8.910575866699219	4.792293548583984	27.091035842895508	25.869901657104492	6.55549430847168	4.3393049240112305	6.569777488708496	4.990871429443359	2.022728443145752	2.3168187141418457	3.478642702102661	2.047224760055542	3.6123623847961426	2.8849265575408936	4.875950813293457	0.0	3.3891124725341797	4.647717475891113	1.794787883758545	1.847936749458313
1CDX1_104	4.615394115447998	5.9641947746276855	2.478649377822876	27.868343353271484	22.71464729309082	3.6378278732299805	1.7706241607666016	3.7137227058410645	2.3557496070861816	2.069056749343872	1.3081313371658325	0.852613091468811	1.449920892715454	0.7861737012863159	0.5325005054473877	1.5855870246887207	3.3891124725341797	0.0	1.715011715888977	2.024472951889038	3.17488431930542
1CDX1_72	2.9493215084075928	4.33066463470459	1.0368883609771729	26.91582489013672	21.23055648803711	1.9682061672210693	0.5354666113853455	2.0234503746032715	0.7075638175010681	2.7883169651031494	2.332508087158203	1.1842617988586426	2.6138927936553955	1.084433913230896	2.1743268966674805	0.7897858023643494	4.647717475891113	1.715011715888977	0.0	2.92059326171875	4.8262619972229
1CDX2_101	5.726550579071045	7.126596450805664	2.9975075721740723	26.54560661315918	24.100494384765625	4.781237602233887	2.5661885738372803	4.7878851890563965	3.2069754600524902	0.28641679883003235	0.7192497849464417	1.8076262474060059	0.6304852962493896	1.9661827087402344	1.6746960878372192	3.2734029293060303	1.794787883758545	2.024472951889038	2.92059326171875	0.0	2.72141432762146
1CDX1_281	7.769653797149658	9.133031845092773	5.334528923034668	28.895658493041992	25.850696563720703	6.788189888000488	4.71132230758667	6.849630355834961	5.370419025421143	3.0075924396514893	2.7746784687042236	3.6913585662841797	2.4910154342651367	3.7528514862060547	2.6647658348083496	4.7503509521484375	1.847936749458313	3.17488431930542	4.8262619972229	2.72141432762146	0.0
